rowname	 A 	 C 	 D 	 E 	 F 	 G 	 H 	 I 	 K 	 L 	 M 	 N 	 P 	 Q 	 R 	 S 	 T 	 V 	 W 	 Y 
A	0 	0 	328 	197 	0 	276 	0 	0 	0 	0 	0 	0 	298 	0 	0 	812 	4575 	5207 	0 	0 
C	0 	0 	0 	0 	274 	98 	0 	0 	0 	0 	0 	0 	0 	0 	199 	207 	0 	0 	104 	568 
D	105 	0 	0 	534 	0 	463 	1293 	0 	0 	0 	0 	10283 	0 	0 	0 	0 	0 	225 	0 	874 
E	188 	0 	1328 	0 	0 	441 	0 	0 	22543 	0 	0 	0 	0 	3064 	0 	0 	0 	340 	0 	0 
F	0 	185 	0 	0 	0 	0 	0 	306 	0 	1586 	0 	0 	0 	0 	0 	275 	0 	197 	0 	286 
G	535 	614 	2858 	9836 	0 	0 	0 	0 	0 	0 	0 	0 	0 	0 	5909 	3016 	0 	1032 	422 	0 
H	0 	0 	197 	0 	0 	0 	0 	0 	0 	148 	0 	339 	92 	294 	298 	0 	0 	0 	0 	3766 
I	0 	0 	0 	0 	263 	0 	0 	0 	47 	208 	895 	255 	0 	0 	32 	106 	442 	608 	0 	0 
K	0 	0 	0 	580 	0 	0 	0 	213 	0 	0 	215 	1424 	0 	190 	530 	0 	323 	0 	0 	0 
L	0 	0 	0 	0 	4994 	0 	207 	576 	0 	0 	463 	0 	685 	209 	336 	215 	0 	1261 	44 	0 
M	0 	0 	0 	0 	0 	0 	0 	3805 	106 	221 	0 	0 	0 	0 	74 	0 	255 	306 	0 	0 
N	0 	0 	266 	0 	0 	0 	138 	266 	488 	0 	0 	0 	0 	0 	0 	904 	118 	0 	0 	188 
P	471 	0 	0 	0 	0 	0 	581 	0 	0 	10733 	0 	0 	0 	413 	386 	15133 	720 	0 	0 	0 
Q	0 	0 	0 	819 	0 	0 	1138 	0 	640 	287 	0 	0 	178 	0 	368 	0 	0 	0 	0 	0 
R	0 	6075 	0 	0 	0 	589 	2578 	184 	3539 	807 	215 	0 	394 	6105 	0 	610 	692 	0 	3117 	0 
S	177 	1390 	0 	0 	12755 	261 	0 	274 	0 	6529 	0 	1883 	379 	0 	489 	0 	410 	0 	140 	551 
T	808 	0 	0 	0 	0 	0 	0 	3268 	236 	0 	1155 	283 	201 	0 	121 	440 	0 	0 	0 	0 
V	938 	0 	107 	236 	299 	278 	0 	2410 	0 	829 	2052 	0 	0 	0 	0 	0 	0 	0 	0 	0 
W	0 	307 	0 	0 	0 	49 	0 	0 	0 	215 	0 	0 	0 	0 	175 	53 	0 	0 	0 	0 
Y	0 	537 	77 	0 	212 	0 	410 	0 	0 	0 	0 	159 	0 	0 	0 	69 	0 	0 	0 	0 
