rowname	 A 	 C 	 D 	 E 	 F 	 G 	 H 	 I 	 K 	 L 	 M 	 N 	 P 	 Q 	 R 	 S 	 T 	 V 	 W 	 Y 
A	0 	1 	12 	23 	6 	11 	0 	4 	3 	8 	1 	5 	6 	0 	2 	29 	98 	227 	1 	1 
C	0 	0 	0 	0 	4 	2 	1 	0 	0 	4 	0 	0 	0 	0 	4 	5 	0 	0 	0 	1 
D	1 	0 	0 	3 	5 	3 	7 	4 	0 	0 	0 	156 	2 	0 	0 	2 	1 	7 	0 	42 
E	0 	0 	0 	0 	0 	12 	0 	11 	304 	6 	2 	0 	0 	9 	5 	3 	9 	8 	0 	0 
F	1 	6 	0 	0 	0 	1 	0 	16 	0 	2 	0 	1 	0 	0 	1 	4 	2 	4 	0 	8 
G	4 	25 	20 	174 	18 	0 	2 	34 	366 	50 	3 	130 	0 	3 	79 	71 	14 	33 	14 	7 
H	5 	1 	0 	0 	2 	0 	0 	2 	0 	11 	0 	8 	4 	0 	0 	1 	2 	0 	0 	96 
I	2 	0 	1 	0 	2 	0 	0 	0 	5 	3 	0 	2 	0 	0 	1 	5 	2 	3 	0 	1 
K	1 	0 	0 	0 	0 	2 	0 	15 	0 	4 	1 	2 	0 	4 	5 	5 	3 	1 	0 	0 
L	2 	4 	1 	0 	197 	0 	5 	15 	5 	0 	20 	1 	20 	2 	8 	14 	6 	7 	1 	10 
M	0 	0 	0 	0 	0 	0 	0 	0 	0 	6 	0 	7 	0 	0 	0 	2 	2 	0 	0 	0 
N	1 	1 	3 	0 	3 	0 	9 	23 	0 	0 	1 	0 	1 	0 	0 	4 	4 	0 	0 	3 
P	12 	5 	3 	0 	470 	1 	17 	23 	8 	629 	9 	20 	0 	15 	10 	315 	16 	17 	0 	10 
Q	0 	0 	0 	4 	0 	0 	0 	1 	16 	9 	2 	1 	4 	0 	8 	0 	1 	0 	0 	0 
R	0 	150 	1 	7 	5 	4 	9 	20 	100 	31 	1 	7 	4 	169 	0 	7 	5 	3 	122 	0 
S	5 	8 	3 	1 	456 	11 	1 	14 	8 	26 	4 	7 	4 	0 	1 	0 	5 	10 	1 	30 
T	1 	0 	1 	0 	17 	0 	1 	176 	17 	17 	1 	14 	2 	2 	2 	4 	0 	5 	0 	0 
V	10 	1 	4 	7 	11 	5 	0 	43 	26 	30 	58 	4 	1 	0 	11 	1 	3 	0 	0 	2 
W	0 	0 	0 	0 	15 	0 	0 	0 	0 	8 	1 	0 	2 	0 	4 	1 	1 	1 	0 	6 
Y	0 	1 	5 	0 	7 	0 	3 	2 	0 	1 	0 	11 	2 	0 	0 	5 	0 	1 	1 	0 
